160,
162,
164,
166,
168,
170,
173,
175,
177,
179,
181,
183,
185,
187,
189,
191,
193,
194,
196,
198,
200,
202,
204,
205,
207,
209,
210,
212,
214,
215,
217,
218,
219,
221,
222,
223,
225,
226,
227,
228,
229,
230,
231,
232,
233,
234,
235,
235,
236,
237,
237,
238,
238,
239,
239,
239,
240,
240,
240,
240,
240,
240,
240,
240,
240,
239,
239,
239,
238,
238,
237,
237,
236,
235,
235,
234,
233,
232,
231,
230,
229,
228,
227,
226,
225,
223,
222,
221,
219,
218,
217,
215,
214,
212,
210,
209,
207,
205,
204,
202,
200,
198,
196,
194,
193,
191,
189,
187,
185,
183,
181,
179,
177,
175,
173,
170,
168,
166,
164,
162,
160,
158,
156,
154,
152,
150,
147,
145,
143,
141,
139,
137,
135,
133,
131,
129,
127,
126,
124,
122,
120,
118,
116,
115,
113,
111,
110,
108,
106,
105,
103,
102,
101,
99,
98,
97,
95,
94,
93,
92,
91,
90,
89,
88,
87,
86,
85,
85,
84,
83,
83,
82,
82,
81,
81,
81,
80,
80,
80,
80,
80,
80,
80,
80,
80,
81,
81,
81,
82,
82,
83,
83,
84,
85,
85,
86,
87,
88,
89,
90,
91,
92,
93,
94,
95,
97,
98,
99,
101,
102,
103,
105,
106,
108,
110,
111,
113,
115,
116,
118,
120,
122,
124,
126,
127,
129,
131,
133,
135,
137,
139,
141,
143,
145,
147,
150,
152,
154,
156,
158,
